&CONTROL
    calculation = "scf"
    max_seconds =  8.64000e+04
    pseudo_dir  = "."
/

&SYSTEM
    a                         =  1.09400e+01
    degauss                   =  1.00000e-02
    ecutrho                   =  5.75452e+02
    ecutwfc                   =  5.00000e+01
    ibrav                     = 1
    nat                       = 65
    nspin                     = 2
    nosym                     =.TRUE.
    tot_charge                =+2
    ntyp                      = 2
    occupations               = "smearing"
    smearing                  = "gaussian"
    starting_magnetization(1) =  0.00000e+00
    starting_magnetization(2) =  2.00000e-01
/

&ELECTRONS
    conv_thr         =  1.00000e-06
    electron_maxstep = 200
    mixing_beta      =  7.00000e-01
    startingpot      = "atomic"
    startingwfc      = "atomic+random"
/


ATOMIC_SPECIES
Si     28.08550  Si.pbeNC.upf
Ti     47.86700  Ti.pbeNC.upf

ATOMIC_POSITIONS {angstrom}
Si     -0.002781  -0.022593  -0.006021
Si      4.036214   4.021068   1.301623
Si     -0.001351   2.717150   2.733613
Si      4.093094   1.352737   4.108564
Si      2.739718  -0.021950   2.735688
Si      1.368138   4.075406   4.105794
Si      2.691057   2.665493  -0.043484
Si      1.355575   1.332230   1.380446
Si     -0.001023  -0.022966   5.473121
Si      4.096438   4.075430   6.834048
Si     -0.002106   2.707543   8.203530
Si      4.114990   1.332252   9.561030
Si      2.728567  -0.022686   8.202709
Si      1.357158   4.090069   9.562524
Si      2.730673   2.715867   5.471417
Si      1.367659   1.347359   6.834021
Si      0.000944   5.445925   0.005391
Si      4.094752   9.549189   1.360163
Si     -0.002121   8.178694   2.733355
Si      4.038102   6.879923   4.164233
Si      2.699358   5.451441   2.732467
Si      1.356509   9.559199   4.088701
Si      2.730065   8.189046  -0.004407
Si      1.367995   6.825246   1.358010
Si     -0.004249   5.446000   5.461929
Si      4.112351   9.559142   6.845208
Si     -0.001724   8.182836   8.203677
Si      4.092549   6.825277   9.573493
Si      2.740004   5.445969   8.206308
Si      1.363581   9.549646   9.569078
Si      2.687776   8.222595   5.513681
Si      1.354433   6.796407   6.847664
Si      5.470258  -0.021908   0.005149
Si      9.568631   4.075448   1.361862
Si      5.467766   2.684099   2.733476
Si      9.580940   1.332302   4.086393
Si      8.196658  -0.022236   2.731167
Si      6.899884   4.020847   4.165292
Si      8.205833   2.715888  -0.003740
Si      6.842835   1.352900   1.358806
Si      5.465741  -0.022275   5.462095
Si      9.578960   4.090144   6.844331
Si      5.468166   2.717147   8.204081
Si      9.568407   1.347416   9.573282
Si      8.207708  -0.022874   8.204476
Si      6.840370   4.075410   9.573551
Si      8.245468   2.664904   5.510927
Si      6.820935   1.332286   6.846397
Si      5.467064   5.451449  -0.035334
Si      9.579757   9.559256   1.377734
Si      5.468617   8.217484   2.734122
Si      9.568336   6.825320   4.109461
Si      8.237611   5.451291   2.735351
Si      6.842333   9.549222   4.107751
Si      8.248174   8.222536  -0.046720
Si      6.898929   6.879858   1.303382
Si      5.469934   5.451295   5.502876
Si      9.573123   9.549606   6.838620
Si      5.467993   8.178696   8.203443
Si      9.582269   6.796387   9.559828
Si      8.196540   5.445956   8.201118
Si      6.823308   9.559309   9.561963
Si      8.206855   8.189273   5.472380
Si      6.843996   6.825301   6.833834
Ti      5.468573   5.449302   2.733825

K_POINTS crystal
194
    0.0000000000     0.0000000000     0.0000000000 1
    0.0500000000     0.0000000000     0.0000000000 1
    0.1000000000     0.0000000000     0.0000000000 1
    0.1500000000     0.0000000000     0.0000000000 1
    0.2000000000     0.0000000000     0.0000000000 1
    0.2500000000     0.0000000000     0.0000000000 1
    0.3000000000     0.0000000000     0.0000000000 1
    0.3500000000     0.0000000000     0.0000000000 1
    0.4000000000     0.0000000000     0.0000000000 1
    0.4500000000     0.0000000000     0.0000000000 1
    0.5000000000     0.0000000000     0.0000000000 1
    0.0000000000     0.5000000000     0.0000000000 1
    0.0000000000     0.4500000000     0.0000000000 1
    0.0000000000     0.4000000000     0.0000000000 1
    0.0000000000     0.3500000000     0.0000000000 1
    0.0000000000     0.3000000000     0.0000000000 1
    0.0000000000     0.2500000000     0.0000000000 1
    0.0000000000     0.2000000000     0.0000000000 1
    0.0000000000     0.1500000000     0.0000000000 1
    0.0000000000     0.1000000000     0.0000000000 1
    0.0000000000     0.0500000000     0.0000000000 1
    0.0000000000     0.0000000000     0.0000000000 1
    0.0000000000     0.0000000000     0.0500000000 1
    0.0000000000     0.0000000000     0.1000000000 1
    0.0000000000     0.0000000000     0.1500000000 1
    0.0000000000     0.0000000000     0.2000000000 1
    0.0000000000     0.0000000000     0.2500000000 1
    0.0000000000     0.0000000000     0.3000000000 1
    0.0000000000     0.0000000000     0.3500000000 1
    0.0000000000     0.0000000000     0.4000000000 1
    0.0000000000     0.0000000000     0.4500000000 1
    0.0000000000     0.0000000000     0.5000000000 1
    0.5000000000     0.5000000000     0.5000000000 1
    0.4722222222     0.4722222222     0.4722222222 1
    0.4444444444     0.4444444444     0.4444444444 1
    0.4166666667     0.4166666667     0.4166666667 1
    0.3888888889     0.3888888889     0.3888888889 1
    0.3611111111     0.3611111111     0.3611111111 1
    0.3333333333     0.3333333333     0.3333333333 1
    0.3055555556     0.3055555556     0.3055555556 1
    0.2777777778     0.2777777778     0.2777777778 1
    0.2500000000     0.2500000000     0.2500000000 1
    0.2222222222     0.2222222222     0.2222222222 1
    0.1944444444     0.1944444444     0.1944444444 1
    0.1666666667     0.1666666667     0.1666666667 1
    0.1388888889     0.1388888889     0.1388888889 1
    0.1111111111     0.1111111111     0.1111111111 1
    0.0833333333     0.0833333333     0.0833333333 1
    0.0555555556     0.0555555556     0.0555555556 1
    0.0277777778     0.0277777778     0.0277777778 1
    0.0000000000     0.0000000000     0.0000000000 1
    0.0000000000     0.0333333333     0.0333333333 1
    0.0000000000     0.0666666667     0.0666666667 1
    0.0000000000     0.1000000000     0.1000000000 1
    0.0000000000     0.1333333333     0.1333333333 1
    0.0000000000     0.1666666667     0.1666666667 1
    0.0000000000     0.2000000000     0.2000000000 1
    0.0000000000     0.2333333333     0.2333333333 1
    0.0000000000     0.2666666667     0.2666666667 1
    0.0000000000     0.3000000000     0.3000000000 1
    0.0000000000     0.3333333333     0.3333333333 1
    0.0000000000     0.3666666667     0.3666666667 1
    0.0000000000     0.4000000000     0.4000000000 1
    0.0000000000     0.4333333333     0.4333333333 1
    0.0000000000     0.4666666667     0.4666666667 1
    0.0000000000     0.5000000000     0.5000000000 1
    0.5000000000     0.0000000000     0.5000000000 1
    0.4666666667     0.0000000000     0.4666666667 1
    0.4333333333     0.0000000000     0.4333333333 1
    0.4000000000     0.0000000000     0.4000000000 1
    0.3666666667     0.0000000000     0.3666666667 1
    0.3333333333     0.0000000000     0.3333333333 1
    0.3000000000     0.0000000000     0.3000000000 1
    0.2666666667     0.0000000000     0.2666666667 1
    0.2333333333     0.0000000000     0.2333333333 1
    0.2000000000     0.0000000000     0.2000000000 1
    0.1666666667     0.0000000000     0.1666666667 1
    0.1333333333     0.0000000000     0.1333333333 1
    0.1000000000     0.0000000000     0.1000000000 1
    0.0666666667     0.0000000000     0.0666666667 1
    0.0333333333     0.0000000000     0.0333333333 1
    0.0000000000     0.0000000000     0.0000000000 1
    0.0333333333     0.0333333333     0.0000000000 1
    0.0666666667     0.0666666667     0.0000000000 1
    0.1000000000     0.1000000000     0.0000000000 1
    0.1333333333     0.1333333333     0.0000000000 1
    0.1666666667     0.1666666667     0.0000000000 1
    0.2000000000     0.2000000000     0.0000000000 1
    0.2333333333     0.2333333333     0.0000000000 1
    0.2666666667     0.2666666667     0.0000000000 1
    0.3000000000     0.3000000000     0.0000000000 1
    0.3333333333     0.3333333333     0.0000000000 1
    0.3666666667     0.3666666667     0.0000000000 1
    0.4000000000     0.4000000000     0.0000000000 1
    0.4333333333     0.4333333333     0.0000000000 1
    0.4666666667     0.4666666667     0.0000000000 1
    0.5000000000     0.5000000000     0.0000000000 1
    0.0000000000     0.0000000000     0.0000000000 1
   -0.0500000000     0.0000000000     0.0000000000 1
   -0.1000000000     0.0000000000     0.0000000000 1
   -0.1500000000     0.0000000000     0.0000000000 1
   -0.2000000000     0.0000000000     0.0000000000 1
   -0.2500000000     0.0000000000     0.0000000000 1
   -0.3000000000     0.0000000000     0.0000000000 1
   -0.3500000000     0.0000000000     0.0000000000 1
   -0.4000000000     0.0000000000     0.0000000000 1
   -0.4500000000     0.0000000000     0.0000000000 1
   -0.5000000000     0.0000000000     0.0000000000 1
    0.0000000000    -0.5000000000     0.0000000000 1
    0.0000000000    -0.4500000000     0.0000000000 1
    0.0000000000    -0.4000000000     0.0000000000 1
    0.0000000000    -0.3500000000     0.0000000000 1
    0.0000000000    -0.3000000000     0.0000000000 1
    0.0000000000    -0.2500000000     0.0000000000 1
    0.0000000000    -0.2000000000     0.0000000000 1
    0.0000000000    -0.1500000000     0.0000000000 1
    0.0000000000    -0.1000000000     0.0000000000 1
    0.0000000000    -0.0500000000     0.0000000000 1
    0.0000000000     0.0000000000     0.0000000000 1
    0.0000000000     0.0000000000    -0.0500000000 1
    0.0000000000     0.0000000000    -0.1000000000 1
    0.0000000000     0.0000000000    -0.1500000000 1
    0.0000000000     0.0000000000    -0.2000000000 1
    0.0000000000     0.0000000000    -0.2500000000 1
    0.0000000000     0.0000000000    -0.3000000000 1
    0.0000000000     0.0000000000    -0.3500000000 1
    0.0000000000     0.0000000000    -0.4000000000 1
    0.0000000000     0.0000000000    -0.4500000000 1
    0.0000000000     0.0000000000    -0.5000000000 1
   -0.5000000000    -0.5000000000    -0.5000000000 1
   -0.4722222222    -0.4722222222    -0.4722222222 1
   -0.4444444444    -0.4444444444    -0.4444444444 1
   -0.4166666667    -0.4166666667    -0.4166666667 1
   -0.3888888889    -0.3888888889    -0.3888888889 1
   -0.3611111111    -0.3611111111    -0.3611111111 1
   -0.3333333333    -0.3333333333    -0.3333333333 1
   -0.3055555556    -0.3055555556    -0.3055555556 1
   -0.2777777778    -0.2777777778    -0.2777777778 1
   -0.2500000000    -0.2500000000    -0.2500000000 1
   -0.2222222222    -0.2222222222    -0.2222222222 1
   -0.1944444444    -0.1944444444    -0.1944444444 1
   -0.1666666667    -0.1666666667    -0.1666666667 1
   -0.1388888889    -0.1388888889    -0.1388888889 1
   -0.1111111111    -0.1111111111    -0.1111111111 1
   -0.0833333333    -0.0833333333    -0.0833333333 1
   -0.0555555556    -0.0555555556    -0.0555555556 1
   -0.0277777778    -0.0277777778    -0.0277777778 1
    0.0000000000     0.0000000000     0.0000000000 1
    0.0000000000    -0.0333333333    -0.0333333333 1
    0.0000000000    -0.0666666667    -0.0666666667 1
    0.0000000000    -0.1000000000    -0.1000000000 1
    0.0000000000    -0.1333333333    -0.1333333333 1
    0.0000000000    -0.1666666667    -0.1666666667 1
    0.0000000000    -0.2000000000    -0.2000000000 1
    0.0000000000    -0.2333333333    -0.2333333333 1
    0.0000000000    -0.2666666667    -0.2666666667 1
    0.0000000000    -0.3000000000    -0.3000000000 1
    0.0000000000    -0.3333333333    -0.3333333333 1
    0.0000000000    -0.3666666667    -0.3666666667 1
    0.0000000000    -0.4000000000    -0.4000000000 1
    0.0000000000    -0.4333333333    -0.4333333333 1
    0.0000000000    -0.4666666667    -0.4666666667 1
    0.0000000000    -0.5000000000    -0.5000000000 1
   -0.5000000000     0.0000000000    -0.5000000000 1
   -0.4666666667     0.0000000000    -0.4666666667 1
   -0.4333333333     0.0000000000    -0.4333333333 1
   -0.4000000000     0.0000000000    -0.4000000000 1
   -0.3666666667     0.0000000000    -0.3666666667 1
   -0.3333333333     0.0000000000    -0.3333333333 1
   -0.3000000000     0.0000000000    -0.3000000000 1
   -0.2666666667     0.0000000000    -0.2666666667 1
   -0.2333333333     0.0000000000    -0.2333333333 1
   -0.2000000000     0.0000000000    -0.2000000000 1
   -0.1666666667     0.0000000000    -0.1666666667 1
   -0.1333333333     0.0000000000    -0.1333333333 1
   -0.1000000000     0.0000000000    -0.1000000000 1
   -0.0666666667     0.0000000000    -0.0666666667 1
   -0.0333333333     0.0000000000    -0.0333333333 1
    0.0000000000     0.0000000000     0.0000000000 1
   -0.0333333333    -0.0333333333     0.0000000000 1
   -0.0666666667    -0.0666666667     0.0000000000 1
   -0.1000000000    -0.1000000000     0.0000000000 1
   -0.1333333333    -0.1333333333     0.0000000000 1
   -0.1666666667    -0.1666666667     0.0000000000 1
   -0.2000000000    -0.2000000000     0.0000000000 1
   -0.2333333333    -0.2333333333     0.0000000000 1
   -0.2666666667    -0.2666666667     0.0000000000 1
   -0.3000000000    -0.3000000000     0.0000000000 1
   -0.3333333333    -0.3333333333     0.0000000000 1
   -0.3666666667    -0.3666666667     0.0000000000 1
   -0.4000000000    -0.4000000000     0.0000000000 1
   -0.4333333333    -0.4333333333     0.0000000000 1
   -0.4666666667    -0.4666666667     0.0000000000 1
   -0.5000000000    -0.5000000000     0.0000000000 1
