&CONTROL
    calculation = "scf"
    max_seconds =  8.64000e+04
    pseudo_dir  = "."
/

&SYSTEM
    a                         =  1.09400e+01
    degauss                   =  1.00000e-02
    ecutrho                   =  5.75452e+02
    ecutwfc                   =  5.00000e+01
    ibrav                     = 1
    nat                       = 64
    nspin                     = 2
    ntyp                      = 2
    nosym                     =.TRUE.
    nbnd                      =64
    occupations               = "fixed"
    smearing                  = "gaussian"
    starting_magnetization(1) =  0.00000e+00
    starting_magnetization(2) =  2.00000e-01
/

&ELECTRONS
    conv_thr         =  1.00000e-06
    electron_maxstep = 200
    mixing_beta      =  7.00000e-01
    startingpot      = "atomic"
    startingwfc      = "atomic+random"
/

ATOMIC_SPECIES
Si     28.08550  Si.pbeNC.upf
Ti     47.86700  Ti.pbeNC.upf

ATOMIC_POSITIONS {angstrom}
Si     -0.000518  -0.000518  -0.000518
Si      4.101922   4.101922   1.362648
Si     -0.002348   2.735274   2.735274
Si      4.101922   1.362648   4.101922
Si      2.735274  -0.002348   2.735274
Si      1.362648   4.101922   4.101922
Si      2.735274   2.735274  -0.002348
Si      1.367492   1.367492   1.367492
Si     -0.000469  -0.000469   5.469514
Si      4.021532   4.021532   6.917487
Si      0.001372   2.735281   8.203694
Si      4.103271   1.354166   9.584821
Si      2.735281   0.001372   8.203694
Si      1.354166   4.103271   9.584821
Si      2.709167   2.709167   5.464693
Si      1.354181   1.354181   6.835698
Si     -0.000469   5.469514  -0.000469
Si      4.103271   9.584821   1.354166
Si      0.001372   8.203694   2.735281
Si      4.021532   6.917487   4.021532
Si      2.709167   5.464693   2.709167
Si      1.354166   9.584821   4.103271
Si      2.735281   8.203694   0.001372
Si      1.354181   6.835698   1.354181
Si     -0.000488   5.469506   5.469506
Si      4.101911   9.576348   6.837019
Si     -0.002354   8.203674   8.203674
Si      4.101911   6.837019   9.576348
Si      2.709144   5.474326   8.229843
Si      1.367512   9.571443   9.571443
Si      2.709144   8.229843   5.474326
Si      1.362659   6.837043   6.837043
Si      5.469514  -0.000469  -0.000469
Si      9.584821   4.103271   1.354166
Si      5.464693   2.709167   2.709167
Si      9.584821   1.354166   4.103271
Si      8.203694   0.001372   2.735281
Si      6.917487   4.021532   4.021532
Si      8.203694   2.735281   0.001372
Si      6.835698   1.354181   1.354181
Si      5.469506  -0.000488   5.469506
Si      9.576348   4.101911   6.837019
Si      5.474326   2.709144   8.229843
Si      9.571443   1.367512   9.571443
Si      8.203674  -0.002354   8.203674
Si      6.837019   4.101911   9.576348
Si      8.229843   2.709144   5.474326
Si      6.837043   1.362659   6.837043
Si      5.469506   5.469506  -0.000488
Si      9.571443   9.571443   1.367512
Si      5.474326   8.229843   2.709144
Si      9.576348   6.837019   4.101911
Si      8.229843   5.474326   2.709144
Si      6.837019   9.576348   4.101911
Si      8.203674   8.203674  -0.002354
Si      6.837043   6.837043   1.362659
Ti      5.470230   5.470230   5.470230
Si      9.584874   9.584874   6.835689
Si      5.464590   8.230027   8.230027
Si      9.584874   6.835689   9.584874
Si      8.230027   5.464590   8.230027
Si      6.835689   9.584874   9.584874
Si      8.230027   8.230027   5.464590
Si      6.918229   6.918229   6.918229

K_POINTS crystal
155
    0.0000000000     0.0000000000     0.0000000000 1
    0.0277777778     0.0277777778     0.0277777778 1
    0.0555555556     0.0555555556     0.0555555556 1
    0.0833333333     0.0833333333     0.0833333333 1
    0.1111111111     0.1111111111     0.1111111111 1
    0.1388888889     0.1388888889     0.1388888889 1
    0.1666666667     0.1666666667     0.1666666667 1
    0.1944444444     0.1944444444     0.1944444444 1
    0.2222222222     0.2222222222     0.2222222222 1
    0.2500000000     0.2500000000     0.2500000000 1
    0.2777777778     0.2777777778     0.2777777778 1
    0.3055555556     0.3055555556     0.3055555556 1
    0.3333333333     0.3333333333     0.3333333333 1
    0.3611111111     0.3611111111     0.3611111111 1
    0.3888888889     0.3888888889     0.3888888889 1
    0.4166666667     0.4166666667     0.4166666667 1
    0.4444444444     0.4444444444     0.4444444444 1
    0.4722222222     0.4722222222     0.4722222222 1
    0.5000000000     0.5000000000     0.5000000000 1
    0.5000000000     0.5000000000     0.5000000000 1
    0.5000000000    -0.5000000000     0.5000000000 1
    0.5000000000    -0.4666666667     0.4666666667 1
    0.5000000000    -0.4333333333     0.4333333333 1
    0.5000000000    -0.4000000000     0.4000000000 1
    0.5000000000    -0.3666666667     0.3666666667 1
    0.5000000000    -0.3333333333     0.3333333333 1
    0.5000000000    -0.3000000000     0.3000000000 1
    0.5000000000    -0.2666666667     0.2666666667 1
    0.5000000000    -0.2333333333     0.2333333333 1
    0.5000000000    -0.2000000000     0.2000000000 1
    0.5000000000    -0.1666666667     0.1666666667 1
    0.5000000000    -0.1333333333     0.1333333333 1
    0.5000000000    -0.1000000000     0.1000000000 1
    0.5000000000    -0.0666666667     0.0666666667 1
    0.5000000000    -0.0333333333     0.0333333333 1
    0.5000000000     0.0000000000     0.0000000000 1
    0.4500000000     0.0000000000     0.0000000000 1
    0.4000000000     0.0000000000     0.0000000000 1
    0.3500000000     0.0000000000     0.0000000000 1
    0.3000000000     0.0000000000     0.0000000000 1
    0.2500000000     0.0000000000     0.0000000000 1
    0.2000000000     0.0000000000     0.0000000000 1
    0.1500000000     0.0000000000     0.0000000000 1
    0.1000000000     0.0000000000     0.0000000000 1
    0.0500000000     0.0000000000     0.0000000000 1
    0.0000000000     0.0000000000     0.0000000000 1
    0.0333333333    -0.0333333333     0.0000000000 1
    0.0666666667    -0.0666666667     0.0000000000 1
    0.1000000000    -0.1000000000     0.0000000000 1
    0.1333333333    -0.1333333333     0.0000000000 1
    0.1666666667    -0.1666666667     0.0000000000 1
    0.2000000000    -0.2000000000     0.0000000000 1
    0.2333333333    -0.2333333333     0.0000000000 1
    0.2666666667    -0.2666666667     0.0000000000 1
    0.3000000000    -0.3000000000     0.0000000000 1
    0.3333333333    -0.3333333333     0.0000000000 1
    0.3666666667    -0.3666666667     0.0000000000 1
    0.4000000000    -0.4000000000     0.0000000000 1
    0.4333333333    -0.4333333333     0.0000000000 1
    0.4666666667    -0.4666666667     0.0000000000 1
    0.5000000000    -0.5000000000     0.0000000000 1
    0.5000000000     0.0000000000     0.5000000000 1
    0.5000000000     0.0000000000     0.5000000000 1
    0.4666666667     0.0000000000     0.4666666667 1
    0.4333333333     0.0000000000     0.4333333333 1
    0.4000000000     0.0000000000     0.4000000000 1
    0.3666666667     0.0000000000     0.3666666667 1
    0.3333333333     0.0000000000     0.3333333333 1
    0.3000000000     0.0000000000     0.3000000000 1
    0.2666666667     0.0000000000     0.2666666667 1
    0.2333333333     0.0000000000     0.2333333333 1
    0.2000000000     0.0000000000     0.2000000000 1
    0.1666666667     0.0000000000     0.1666666667 1
    0.1333333333     0.0000000000     0.1333333333 1
    0.1000000000     0.0000000000     0.1000000000 1
    0.0666666667     0.0000000000     0.0666666667 1
    0.0333333333     0.0000000000     0.0333333333 1
    0.0000000000     0.0000000000     0.0000000000 1
   -0.0277777778    -0.0277777778    -0.0277777778 1
   -0.0555555556    -0.0555555556    -0.0555555556 1
   -0.0833333333    -0.0833333333    -0.0833333333 1
   -0.1111111111    -0.1111111111    -0.1111111111 1
   -0.1388888889    -0.1388888889    -0.1388888889 1
   -0.1666666667    -0.1666666667    -0.1666666667 1
   -0.1944444444    -0.1944444444    -0.1944444444 1
   -0.2222222222    -0.2222222222    -0.2222222222 1
   -0.2500000000    -0.2500000000    -0.2500000000 1
   -0.2777777778    -0.2777777778    -0.2777777778 1
   -0.3055555556    -0.3055555556    -0.3055555556 1
   -0.3333333333    -0.3333333333    -0.3333333333 1
   -0.3611111111    -0.3611111111    -0.3611111111 1
   -0.3888888889    -0.3888888889    -0.3888888889 1
   -0.4166666667    -0.4166666667    -0.4166666667 1
   -0.4444444444    -0.4444444444    -0.4444444444 1
   -0.4722222222    -0.4722222222    -0.4722222222 1
   -0.5000000000    -0.5000000000    -0.5000000000 1
   -0.5000000000    -0.5000000000    -0.5000000000 1
   -0.5000000000     0.5000000000    -0.5000000000 1
   -0.5000000000     0.4666666667    -0.4666666667 1
   -0.5000000000     0.4333333333    -0.4333333333 1
   -0.5000000000     0.4000000000    -0.4000000000 1
   -0.5000000000     0.3666666667    -0.3666666667 1
   -0.5000000000     0.3333333333    -0.3333333333 1
   -0.5000000000     0.3000000000    -0.3000000000 1
   -0.5000000000     0.2666666667    -0.2666666667 1
   -0.5000000000     0.2333333333    -0.2333333333 1
   -0.5000000000     0.2000000000    -0.2000000000 1
   -0.5000000000     0.1666666667    -0.1666666667 1
   -0.5000000000     0.1333333333    -0.1333333333 1
   -0.5000000000     0.1000000000    -0.1000000000 1
   -0.5000000000     0.0666666667    -0.0666666667 1
   -0.5000000000     0.0333333333    -0.0333333333 1
   -0.5000000000     0.0000000000     0.0000000000 1
   -0.4500000000     0.0000000000     0.0000000000 1
   -0.4000000000     0.0000000000     0.0000000000 1
   -0.3500000000     0.0000000000     0.0000000000 1
   -0.3000000000     0.0000000000     0.0000000000 1
   -0.2500000000     0.0000000000     0.0000000000 1
   -0.2000000000     0.0000000000     0.0000000000 1
   -0.1500000000     0.0000000000     0.0000000000 1
   -0.1000000000     0.0000000000     0.0000000000 1
   -0.0500000000     0.0000000000     0.0000000000 1
    0.0000000000     0.0000000000     0.0000000000 1
   -0.0333333333     0.0333333333     0.0000000000 1
   -0.0666666667     0.0666666667     0.0000000000 1
   -0.1000000000     0.1000000000     0.0000000000 1
   -0.1333333333     0.1333333333     0.0000000000 1
   -0.1666666667     0.1666666667     0.0000000000 1
   -0.2000000000     0.2000000000     0.0000000000 1
   -0.2333333333     0.2333333333     0.0000000000 1
   -0.2666666667     0.2666666667     0.0000000000 1
   -0.3000000000     0.3000000000     0.0000000000 1
   -0.3333333333     0.3333333333     0.0000000000 1
   -0.3666666667     0.3666666667     0.0000000000 1
   -0.4000000000     0.4000000000     0.0000000000 1
   -0.4333333333     0.4333333333     0.0000000000 1
   -0.4666666667     0.4666666667     0.0000000000 1
   -0.5000000000     0.5000000000     0.0000000000 1
   -0.5000000000     0.0000000000    -0.5000000000 1
   -0.5000000000     0.0000000000    -0.5000000000 1
   -0.4666666667     0.0000000000    -0.4666666667 1
   -0.4333333333     0.0000000000    -0.4333333333 1
   -0.4000000000     0.0000000000    -0.4000000000 1
   -0.3666666667     0.0000000000    -0.3666666667 1
   -0.3333333333     0.0000000000    -0.3333333333 1
   -0.3000000000     0.0000000000    -0.3000000000 1
   -0.2666666667     0.0000000000    -0.2666666667 1
   -0.2333333333     0.0000000000    -0.2333333333 1
   -0.2000000000     0.0000000000    -0.2000000000 1
   -0.1666666667     0.0000000000    -0.1666666667 1
   -0.1333333333     0.0000000000    -0.1333333333 1
   -0.1000000000     0.0000000000    -0.1000000000 1
   -0.0666666667     0.0000000000    -0.0666666667 1
   -0.0333333333     0.0000000000    -0.0333333333 1
    0.0000000000     0.0000000000     0.0000000000 1
